000001_s001.png (480,480,3)
000001_s002.png (480,480,3)
000001_s003.png (480,480,3)
000001_s004.png (480,480,3)
000001_s005.png (480,480,3)
000001_s006.png (480,480,3)
000001_s007.png (480,480,3)
000001_s008.png (480,480,3)
000001_s009.png (480,480,3)
000001_s010.png (480,480,3)
000001_s011.png (480,480,3)
000001_s012.png (480,480,3)
000001_s013.png (480,480,3)
000001_s014.png (480,480,3)
000001_s015.png (480,480,3)
000001_s016.png (480,480,3)
000001_s017.png (480,480,3)
000001_s018.png (480,480,3)
000001_s019.png (480,480,3)
000001_s020.png (480,480,3)
000001_s021.png (480,480,3)
000001_s022.png (480,480,3)
000001_s023.png (480,480,3)
000001_s024.png (480,480,3)
000001_s025.png (480,480,3)
000001_s026.png (480,480,3)
000001_s027.png (480,480,3)
000001_s028.png (480,480,3)
000001_s029.png (480,480,3)
000001_s030.png (480,480,3)
000001_s031.png (480,480,3)
000001_s032.png (480,480,3)
000001_s033.png (480,480,3)
000001_s034.png (480,480,3)
000001_s035.png (480,480,3)
000001_s036.png (480,480,3)
000001_s037.png (480,480,3)
000001_s038.png (480,480,3)
000001_s039.png (480,480,3)
000001_s040.png (480,480,3)
000002_s001.png (480,480,3)
000002_s002.png (480,480,3)
000002_s003.png (480,480,3)
000002_s004.png (480,480,3)
000002_s005.png (480,480,3)
000002_s006.png (480,480,3)
000002_s007.png (480,480,3)
000002_s008.png (480,480,3)
000002_s009.png (480,480,3)
000002_s010.png (480,480,3)
000002_s011.png (480,480,3)
000002_s012.png (480,480,3)
000002_s013.png (480,480,3)
000002_s014.png (480,480,3)
000002_s015.png (480,480,3)
000002_s016.png (480,480,3)
000002_s017.png (480,480,3)
000002_s018.png (480,480,3)
000002_s019.png (480,480,3)
000002_s020.png (480,480,3)
000002_s021.png (480,480,3)
000002_s022.png (480,480,3)
000002_s023.png (480,480,3)
000002_s024.png (480,480,3)
000002_s025.png (480,480,3)
000002_s026.png (480,480,3)
000002_s027.png (480,480,3)
000002_s028.png (480,480,3)
000002_s029.png (480,480,3)
000002_s030.png (480,480,3)
000002_s031.png (480,480,3)
000002_s032.png (480,480,3)
000002_s033.png (480,480,3)
000002_s034.png (480,480,3)
000002_s035.png (480,480,3)
000002_s036.png (480,480,3)
000002_s037.png (480,480,3)
000002_s038.png (480,480,3)
000002_s039.png (480,480,3)
000002_s040.png (480,480,3)
000003_s001.png (480,480,3)
000003_s002.png (480,480,3)
000003_s003.png (480,480,3)
000003_s004.png (480,480,3)
000003_s005.png (480,480,3)
000003_s006.png (480,480,3)
000003_s007.png (480,480,3)
000003_s008.png (480,480,3)
000003_s009.png (480,480,3)
000003_s010.png (480,480,3)
000003_s011.png (480,480,3)
000003_s012.png (480,480,3)
000003_s013.png (480,480,3)
000003_s014.png (480,480,3)
000003_s015.png (480,480,3)
000003_s016.png (480,480,3)
000003_s017.png (480,480,3)
000003_s018.png (480,480,3)
000003_s019.png (480,480,3)
000003_s020.png (480,480,3)
000003_s021.png (480,480,3)
000003_s022.png (480,480,3)
000003_s023.png (480,480,3)
000003_s024.png (480,480,3)
000003_s025.png (480,480,3)
000003_s026.png (480,480,3)
000003_s027.png (480,480,3)
000003_s028.png (480,480,3)
000003_s029.png (480,480,3)
000003_s030.png (480,480,3)
000003_s031.png (480,480,3)
000003_s032.png (480,480,3)
000003_s033.png (480,480,3)
000003_s034.png (480,480,3)
000003_s035.png (480,480,3)
000003_s036.png (480,480,3)
000003_s037.png (480,480,3)
000003_s038.png (480,480,3)
000003_s039.png (480,480,3)
000003_s040.png (480,480,3)
000004_s001.png (480,480,3)
000004_s002.png (480,480,3)
000004_s003.png (480,480,3)
000004_s004.png (480,480,3)
000004_s005.png (480,480,3)
000004_s006.png (480,480,3)
000004_s007.png (480,480,3)
000004_s008.png (480,480,3)
000004_s009.png (480,480,3)
000004_s010.png (480,480,3)
000004_s011.png (480,480,3)
000004_s012.png (480,480,3)
000004_s013.png (480,480,3)
000004_s014.png (480,480,3)
000004_s015.png (480,480,3)
000004_s016.png (480,480,3)
000004_s017.png (480,480,3)
000004_s018.png (480,480,3)
000004_s019.png (480,480,3)
000004_s020.png (480,480,3)
000004_s021.png (480,480,3)
000004_s022.png (480,480,3)
000004_s023.png (480,480,3)
000004_s024.png (480,480,3)
000005_s001.png (480,480,3)
000005_s002.png (480,480,3)
000005_s003.png (480,480,3)
000005_s004.png (480,480,3)
000005_s005.png (480,480,3)
000005_s006.png (480,480,3)
000005_s007.png (480,480,3)
000005_s008.png (480,480,3)
000005_s009.png (480,480,3)
000005_s010.png (480,480,3)
000005_s011.png (480,480,3)
000005_s012.png (480,480,3)
000005_s013.png (480,480,3)
000005_s014.png (480,480,3)
000005_s015.png (480,480,3)
000005_s016.png (480,480,3)
000005_s017.png (480,480,3)
000005_s018.png (480,480,3)
000005_s019.png (480,480,3)
000005_s020.png (480,480,3)
000005_s021.png (480,480,3)
000005_s022.png (480,480,3)
000005_s023.png (480,480,3)
000005_s024.png (480,480,3)
000005_s025.png (480,480,3)
000005_s026.png (480,480,3)
000005_s027.png (480,480,3)
000005_s028.png (480,480,3)
000005_s029.png (480,480,3)
000005_s030.png (480,480,3)
000005_s031.png (480,480,3)
000005_s032.png (480,480,3)
000005_s033.png (480,480,3)
000005_s034.png (480,480,3)
000005_s035.png (480,480,3)
000005_s036.png (480,480,3)
000005_s037.png (480,480,3)
000005_s038.png (480,480,3)
000005_s039.png (480,480,3)
000005_s040.png (480,480,3)
000006_s001.png (480,480,3)
000006_s002.png (480,480,3)
000006_s003.png (480,480,3)
000006_s004.png (480,480,3)
000006_s005.png (480,480,3)
000006_s006.png (480,480,3)
000006_s007.png (480,480,3)
000006_s008.png (480,480,3)
000006_s009.png (480,480,3)
000006_s010.png (480,480,3)
000006_s011.png (480,480,3)
000006_s012.png (480,480,3)
000006_s013.png (480,480,3)
000006_s014.png (480,480,3)
000006_s015.png (480,480,3)
000006_s016.png (480,480,3)
000006_s017.png (480,480,3)
000006_s018.png (480,480,3)
000006_s019.png (480,480,3)
000006_s020.png (480,480,3)
000006_s021.png (480,480,3)
000006_s022.png (480,480,3)
000006_s023.png (480,480,3)
000006_s024.png (480,480,3)
000006_s025.png (480,480,3)
000006_s026.png (480,480,3)
000006_s027.png (480,480,3)
000006_s028.png (480,480,3)
000006_s029.png (480,480,3)
000006_s030.png (480,480,3)
000006_s031.png (480,480,3)
000006_s032.png (480,480,3)
000006_s033.png (480,480,3)
000006_s034.png (480,480,3)
000006_s035.png (480,480,3)
000006_s036.png (480,480,3)
000006_s037.png (480,480,3)
000006_s038.png (480,480,3)
000006_s039.png (480,480,3)
000006_s040.png (480,480,3)
000006_s041.png (480,480,3)
000006_s042.png (480,480,3)
000006_s043.png (480,480,3)
000006_s044.png (480,480,3)
000006_s045.png (480,480,3)
000006_s046.png (480,480,3)
000006_s047.png (480,480,3)
000006_s048.png (480,480,3)
000007_s001.png (480,480,3)
000007_s002.png (480,480,3)
000007_s003.png (480,480,3)
000007_s004.png (480,480,3)
000007_s005.png (480,480,3)
000007_s006.png (480,480,3)
000007_s007.png (480,480,3)
000007_s008.png (480,480,3)
000007_s009.png (480,480,3)
000007_s010.png (480,480,3)
000007_s011.png (480,480,3)
000007_s012.png (480,480,3)
000007_s013.png (480,480,3)
000007_s014.png (480,480,3)
000007_s015.png (480,480,3)
000007_s016.png (480,480,3)
000007_s017.png (480,480,3)
000007_s018.png (480,480,3)
000007_s019.png (480,480,3)
000007_s020.png (480,480,3)
000007_s021.png (480,480,3)
000007_s022.png (480,480,3)
000007_s023.png (480,480,3)
000007_s024.png (480,480,3)
000007_s025.png (480,480,3)
000007_s026.png (480,480,3)
000007_s027.png (480,480,3)
000007_s028.png (480,480,3)
000007_s029.png (480,480,3)
000007_s030.png (480,480,3)
000007_s031.png (480,480,3)
000007_s032.png (480,480,3)
000007_s033.png (480,480,3)
000007_s034.png (480,480,3)
000007_s035.png (480,480,3)
000007_s036.png (480,480,3)
000007_s037.png (480,480,3)
000007_s038.png (480,480,3)
000007_s039.png (480,480,3)
000007_s040.png (480,480,3)
000008_s001.png (480,480,3)
000008_s002.png (480,480,3)
000008_s003.png (480,480,3)
000008_s004.png (480,480,3)
000008_s005.png (480,480,3)
000008_s006.png (480,480,3)
000008_s007.png (480,480,3)
000008_s008.png (480,480,3)
000008_s009.png (480,480,3)
000008_s010.png (480,480,3)
000008_s011.png (480,480,3)
000008_s012.png (480,480,3)
000008_s013.png (480,480,3)
000008_s014.png (480,480,3)
000008_s015.png (480,480,3)
000008_s016.png (480,480,3)
000008_s017.png (480,480,3)
000008_s018.png (480,480,3)
000008_s019.png (480,480,3)
000008_s020.png (480,480,3)
000008_s021.png (480,480,3)
000008_s022.png (480,480,3)
000008_s023.png (480,480,3)
000008_s024.png (480,480,3)
000008_s025.png (480,480,3)
000008_s026.png (480,480,3)
000008_s027.png (480,480,3)
000008_s028.png (480,480,3)
000008_s029.png (480,480,3)
000008_s030.png (480,480,3)
000008_s031.png (480,480,3)
000008_s032.png (480,480,3)
000008_s033.png (480,480,3)
000008_s034.png (480,480,3)
000008_s035.png (480,480,3)
000008_s036.png (480,480,3)
000008_s037.png (480,480,3)
000008_s038.png (480,480,3)
000008_s039.png (480,480,3)
000008_s040.png (480,480,3)
000008_s041.png (480,480,3)
000008_s042.png (480,480,3)
000008_s043.png (480,480,3)
000008_s044.png (480,480,3)
000008_s045.png (480,480,3)
000008_s046.png (480,480,3)
000008_s047.png (480,480,3)
000008_s048.png (480,480,3)
000009_s001.png (480,480,3)
000009_s002.png (480,480,3)
000009_s003.png (480,480,3)
000009_s004.png (480,480,3)
000009_s005.png (480,480,3)
000009_s006.png (480,480,3)
000009_s007.png (480,480,3)
000009_s008.png (480,480,3)
000009_s009.png (480,480,3)
000009_s010.png (480,480,3)
000009_s011.png (480,480,3)
000009_s012.png (480,480,3)
000009_s013.png (480,480,3)
000009_s014.png (480,480,3)
000009_s015.png (480,480,3)
000009_s016.png (480,480,3)
000009_s017.png (480,480,3)
000009_s018.png (480,480,3)
000009_s019.png (480,480,3)
000009_s020.png (480,480,3)
000009_s021.png (480,480,3)
000009_s022.png (480,480,3)
000009_s023.png (480,480,3)
000009_s024.png (480,480,3)
000009_s025.png (480,480,3)
000009_s026.png (480,480,3)
000009_s027.png (480,480,3)
000009_s028.png (480,480,3)
000009_s029.png (480,480,3)
000009_s030.png (480,480,3)
000009_s031.png (480,480,3)
000009_s032.png (480,480,3)
000009_s033.png (480,480,3)
000009_s034.png (480,480,3)
000009_s035.png (480,480,3)
000009_s036.png (480,480,3)
000009_s037.png (480,480,3)
000009_s038.png (480,480,3)
000009_s039.png (480,480,3)
000009_s040.png (480,480,3)
000009_s041.png (480,480,3)
000009_s042.png (480,480,3)
000009_s043.png (480,480,3)
000009_s044.png (480,480,3)
000009_s045.png (480,480,3)
000009_s046.png (480,480,3)
000009_s047.png (480,480,3)
000009_s048.png (480,480,3)
000010_s001.png (480,480,3)
000010_s002.png (480,480,3)
000010_s003.png (480,480,3)
000010_s004.png (480,480,3)
000010_s005.png (480,480,3)
000010_s006.png (480,480,3)
000010_s007.png (480,480,3)
000010_s008.png (480,480,3)
000010_s009.png (480,480,3)
000010_s010.png (480,480,3)
000010_s011.png (480,480,3)
000010_s012.png (480,480,3)
000010_s013.png (480,480,3)
000010_s014.png (480,480,3)
000010_s015.png (480,480,3)
000010_s016.png (480,480,3)
000010_s017.png (480,480,3)
000010_s018.png (480,480,3)
000010_s019.png (480,480,3)
000010_s020.png (480,480,3)
000010_s021.png (480,480,3)
000010_s022.png (480,480,3)
000010_s023.png (480,480,3)
000010_s024.png (480,480,3)
000010_s025.png (480,480,3)
000010_s026.png (480,480,3)
000010_s027.png (480,480,3)
000010_s028.png (480,480,3)
000010_s029.png (480,480,3)
000010_s030.png (480,480,3)
000010_s031.png (480,480,3)
000010_s032.png (480,480,3)
000010_s033.png (480,480,3)
000010_s034.png (480,480,3)
000010_s035.png (480,480,3)
000010_s036.png (480,480,3)
000010_s037.png (480,480,3)
000010_s038.png (480,480,3)
000010_s039.png (480,480,3)
000010_s040.png (480,480,3)
000010_s041.png (480,480,3)
000010_s042.png (480,480,3)
000010_s043.png (480,480,3)
000010_s044.png (480,480,3)
000010_s045.png (480,480,3)
000010_s046.png (480,480,3)
000010_s047.png (480,480,3)
000010_s048.png (480,480,3)
000011_s001.png (480,480,3)
000011_s002.png (480,480,3)
000011_s003.png (480,480,3)
000011_s004.png (480,480,3)
000011_s005.png (480,480,3)
000011_s006.png (480,480,3)
000011_s007.png (480,480,3)
000011_s008.png (480,480,3)
000011_s009.png (480,480,3)
000011_s010.png (480,480,3)
000011_s011.png (480,480,3)
000011_s012.png (480,480,3)
000011_s013.png (480,480,3)
000011_s014.png (480,480,3)
000011_s015.png (480,480,3)
000011_s016.png (480,480,3)
000011_s017.png (480,480,3)
000011_s018.png (480,480,3)
000011_s019.png (480,480,3)
000011_s020.png (480,480,3)
000011_s021.png (480,480,3)
000011_s022.png (480,480,3)
000011_s023.png (480,480,3)
000011_s024.png (480,480,3)
000011_s025.png (480,480,3)
000011_s026.png (480,480,3)
000011_s027.png (480,480,3)
000011_s028.png (480,480,3)
000011_s029.png (480,480,3)
000011_s030.png (480,480,3)
000011_s031.png (480,480,3)
000011_s032.png (480,480,3)
000011_s033.png (480,480,3)
000011_s034.png (480,480,3)
000011_s035.png (480,480,3)
000011_s036.png (480,480,3)
000011_s037.png (480,480,3)
000011_s038.png (480,480,3)
000011_s039.png (480,480,3)
000011_s040.png (480,480,3)
000012_s001.png (480,480,3)
000012_s002.png (480,480,3)
000012_s003.png (480,480,3)
000012_s004.png (480,480,3)
000012_s005.png (480,480,3)
000012_s006.png (480,480,3)
000012_s007.png (480,480,3)
000012_s008.png (480,480,3)
000012_s009.png (480,480,3)
000012_s010.png (480,480,3)
000012_s011.png (480,480,3)
000012_s012.png (480,480,3)
000012_s013.png (480,480,3)
000012_s014.png (480,480,3)
000012_s015.png (480,480,3)
000012_s016.png (480,480,3)
000012_s017.png (480,480,3)
000012_s018.png (480,480,3)
000012_s019.png (480,480,3)
000012_s020.png (480,480,3)
000012_s021.png (480,480,3)
000012_s022.png (480,480,3)
000012_s023.png (480,480,3)
000012_s024.png (480,480,3)
000012_s025.png (480,480,3)
000012_s026.png (480,480,3)
000012_s027.png (480,480,3)
000012_s028.png (480,480,3)
000012_s029.png (480,480,3)
000012_s030.png (480,480,3)
000012_s031.png (480,480,3)
000012_s032.png (480,480,3)
000012_s033.png (480,480,3)
000012_s034.png (480,480,3)
000012_s035.png (480,480,3)
000012_s036.png (480,480,3)
000012_s037.png (480,480,3)
000012_s038.png (480,480,3)
000012_s039.png (480,480,3)
000012_s040.png (480,480,3)
000013_s001.png (480,480,3)
000013_s002.png (480,480,3)
000013_s003.png (480,480,3)
000013_s004.png (480,480,3)
000013_s005.png (480,480,3)
000013_s006.png (480,480,3)
000013_s007.png (480,480,3)
000013_s008.png (480,480,3)
000013_s009.png (480,480,3)
000013_s010.png (480,480,3)
000013_s011.png (480,480,3)
000013_s012.png (480,480,3)
000013_s013.png (480,480,3)
000013_s014.png (480,480,3)
000013_s015.png (480,480,3)
000013_s016.png (480,480,3)
000013_s017.png (480,480,3)
000013_s018.png (480,480,3)
000013_s019.png (480,480,3)
000013_s020.png (480,480,3)
000013_s021.png (480,480,3)
000013_s022.png (480,480,3)
000013_s023.png (480,480,3)
000013_s024.png (480,480,3)
000013_s025.png (480,480,3)
000013_s026.png (480,480,3)
000013_s027.png (480,480,3)
000013_s028.png (480,480,3)
000013_s029.png (480,480,3)
000013_s030.png (480,480,3)
000013_s031.png (480,480,3)
000013_s032.png (480,480,3)
000013_s033.png (480,480,3)
000013_s034.png (480,480,3)
000013_s035.png (480,480,3)
000013_s036.png (480,480,3)
000013_s037.png (480,480,3)
000013_s038.png (480,480,3)
000013_s039.png (480,480,3)
000013_s040.png (480,480,3)
000013_s041.png (480,480,3)
000013_s042.png (480,480,3)
000013_s043.png (480,480,3)
000013_s044.png (480,480,3)
000013_s045.png (480,480,3)
000013_s046.png (480,480,3)
000013_s047.png (480,480,3)
000013_s048.png (480,480,3)
000014_s001.png (480,480,3)
000014_s002.png (480,480,3)
000014_s003.png (480,480,3)
000014_s004.png (480,480,3)
000014_s005.png (480,480,3)
000014_s006.png (480,480,3)
000014_s007.png (480,480,3)
000014_s008.png (480,480,3)
000014_s009.png (480,480,3)
000014_s010.png (480,480,3)
000014_s011.png (480,480,3)
000014_s012.png (480,480,3)
000014_s013.png (480,480,3)
000014_s014.png (480,480,3)
000014_s015.png (480,480,3)
000014_s016.png (480,480,3)
000014_s017.png (480,480,3)
000014_s018.png (480,480,3)
000014_s019.png (480,480,3)
000014_s020.png (480,480,3)
000014_s021.png (480,480,3)
000014_s022.png (480,480,3)
000014_s023.png (480,480,3)
000014_s024.png (480,480,3)
000014_s025.png (480,480,3)
000014_s026.png (480,480,3)
000014_s027.png (480,480,3)
000014_s028.png (480,480,3)
000014_s029.png (480,480,3)
000014_s030.png (480,480,3)
000014_s031.png (480,480,3)
000014_s032.png (480,480,3)
000014_s033.png (480,480,3)
000014_s034.png (480,480,3)
000014_s035.png (480,480,3)
000014_s036.png (480,480,3)
000014_s037.png (480,480,3)
000014_s038.png (480,480,3)
000014_s039.png (480,480,3)
000014_s040.png (480,480,3)
000015_s001.png (480,480,3)
000015_s002.png (480,480,3)
000015_s003.png (480,480,3)
000015_s004.png (480,480,3)
000015_s005.png (480,480,3)
000015_s006.png (480,480,3)
000015_s007.png (480,480,3)
000015_s008.png (480,480,3)
000015_s009.png (480,480,3)
000015_s010.png (480,480,3)
000015_s011.png (480,480,3)
000015_s012.png (480,480,3)
000015_s013.png (480,480,3)
000015_s014.png (480,480,3)
000015_s015.png (480,480,3)
000015_s016.png (480,480,3)
000015_s017.png (480,480,3)
000015_s018.png (480,480,3)
000015_s019.png (480,480,3)
000015_s020.png (480,480,3)
000015_s021.png (480,480,3)
000015_s022.png (480,480,3)
000015_s023.png (480,480,3)
000015_s024.png (480,480,3)
000015_s025.png (480,480,3)
000015_s026.png (480,480,3)
000015_s027.png (480,480,3)
000015_s028.png (480,480,3)
000015_s029.png (480,480,3)
000015_s030.png (480,480,3)
000015_s031.png (480,480,3)
000015_s032.png (480,480,3)
000015_s033.png (480,480,3)
000015_s034.png (480,480,3)
000015_s035.png (480,480,3)
000015_s036.png (480,480,3)
000015_s037.png (480,480,3)
000015_s038.png (480,480,3)
000015_s039.png (480,480,3)
000015_s040.png (480,480,3)
000016_s001.png (480,480,3)
000016_s002.png (480,480,3)
000016_s003.png (480,480,3)
000016_s004.png (480,480,3)
000016_s005.png (480,480,3)
000016_s006.png (480,480,3)
000016_s007.png (480,480,3)
000016_s008.png (480,480,3)
000016_s009.png (480,480,3)
000016_s010.png (480,480,3)
000016_s011.png (480,480,3)
000016_s012.png (480,480,3)
000016_s013.png (480,480,3)
000016_s014.png (480,480,3)
000016_s015.png (480,480,3)
000016_s016.png (480,480,3)
000016_s017.png (480,480,3)
000016_s018.png (480,480,3)
000016_s019.png (480,480,3)
000016_s020.png (480,480,3)
000016_s021.png (480,480,3)
000016_s022.png (480,480,3)
000016_s023.png (480,480,3)
000016_s024.png (480,480,3)
000016_s025.png (480,480,3)
000016_s026.png (480,480,3)
000016_s027.png (480,480,3)
000016_s028.png (480,480,3)
000016_s029.png (480,480,3)
000016_s030.png (480,480,3)
000016_s031.png (480,480,3)
000016_s032.png (480,480,3)
000016_s033.png (480,480,3)
000016_s034.png (480,480,3)
000016_s035.png (480,480,3)
000016_s036.png (480,480,3)
000016_s037.png (480,480,3)
000016_s038.png (480,480,3)
000016_s039.png (480,480,3)
000016_s040.png (480,480,3)
000016_s041.png (480,480,3)
000016_s042.png (480,480,3)
000016_s043.png (480,480,3)
000016_s044.png (480,480,3)
000016_s045.png (480,480,3)
000016_s046.png (480,480,3)
000016_s047.png (480,480,3)
000016_s048.png (480,480,3)
000017_s001.png (480,480,3)
000017_s002.png (480,480,3)
000017_s003.png (480,480,3)
000017_s004.png (480,480,3)
000017_s005.png (480,480,3)
000017_s006.png (480,480,3)
000017_s007.png (480,480,3)
000017_s008.png (480,480,3)
000017_s009.png (480,480,3)
000017_s010.png (480,480,3)
000017_s011.png (480,480,3)
000017_s012.png (480,480,3)
000017_s013.png (480,480,3)
000017_s014.png (480,480,3)
000017_s015.png (480,480,3)
000017_s016.png (480,480,3)
000017_s017.png (480,480,3)
000017_s018.png (480,480,3)
000017_s019.png (480,480,3)
000017_s020.png (480,480,3)
000017_s021.png (480,480,3)
000017_s022.png (480,480,3)
000017_s023.png (480,480,3)
000017_s024.png (480,480,3)
000017_s025.png (480,480,3)
000017_s026.png (480,480,3)
000017_s027.png (480,480,3)
000017_s028.png (480,480,3)
000017_s029.png (480,480,3)
000017_s030.png (480,480,3)
000017_s031.png (480,480,3)
000017_s032.png (480,480,3)
000017_s033.png (480,480,3)
000017_s034.png (480,480,3)
000017_s035.png (480,480,3)
000017_s036.png (480,480,3)
000017_s037.png (480,480,3)
000017_s038.png (480,480,3)
000017_s039.png (480,480,3)
000017_s040.png (480,480,3)
000017_s041.png (480,480,3)
000017_s042.png (480,480,3)
000017_s043.png (480,480,3)
000017_s044.png (480,480,3)
000017_s045.png (480,480,3)
000017_s046.png (480,480,3)
000017_s047.png (480,480,3)
000017_s048.png (480,480,3)
000017_s049.png (480,480,3)
000017_s050.png (480,480,3)
000017_s051.png (480,480,3)
000017_s052.png (480,480,3)
000017_s053.png (480,480,3)
000017_s054.png (480,480,3)
000017_s055.png (480,480,3)
000017_s056.png (480,480,3)
000017_s057.png (480,480,3)
000017_s058.png (480,480,3)
000017_s059.png (480,480,3)
000017_s060.png (480,480,3)
000017_s061.png (480,480,3)
000017_s062.png (480,480,3)
000017_s063.png (480,480,3)
000017_s064.png (480,480,3)
000018_s001.png (480,480,3)
000018_s002.png (480,480,3)
000018_s003.png (480,480,3)
000018_s004.png (480,480,3)
000018_s005.png (480,480,3)
000018_s006.png (480,480,3)
000018_s007.png (480,480,3)
000018_s008.png (480,480,3)
000018_s009.png (480,480,3)
000018_s010.png (480,480,3)
000018_s011.png (480,480,3)
000018_s012.png (480,480,3)
000018_s013.png (480,480,3)
000018_s014.png (480,480,3)
000018_s015.png (480,480,3)
000018_s016.png (480,480,3)
000018_s017.png (480,480,3)
000018_s018.png (480,480,3)
000018_s019.png (480,480,3)
000018_s020.png (480,480,3)
000018_s021.png (480,480,3)
000018_s022.png (480,480,3)
000018_s023.png (480,480,3)
000018_s024.png (480,480,3)
000018_s025.png (480,480,3)
000018_s026.png (480,480,3)
000018_s027.png (480,480,3)
000018_s028.png (480,480,3)
000018_s029.png (480,480,3)
000018_s030.png (480,480,3)
000018_s031.png (480,480,3)
000018_s032.png (480,480,3)
000018_s033.png (480,480,3)
000018_s034.png (480,480,3)
000018_s035.png (480,480,3)
000018_s036.png (480,480,3)
000018_s037.png (480,480,3)
000018_s038.png (480,480,3)
000018_s039.png (480,480,3)
000018_s040.png (480,480,3)
000019_s001.png (480,480,3)
000019_s002.png (480,480,3)
000019_s003.png (480,480,3)
000019_s004.png (480,480,3)
000019_s005.png (480,480,3)
000019_s006.png (480,480,3)
000019_s007.png (480,480,3)
000019_s008.png (480,480,3)
000019_s009.png (480,480,3)
000019_s010.png (480,480,3)
000019_s011.png (480,480,3)
000019_s012.png (480,480,3)
000019_s013.png (480,480,3)
000019_s014.png (480,480,3)
000019_s015.png (480,480,3)
000019_s016.png (480,480,3)
000019_s017.png (480,480,3)
000019_s018.png (480,480,3)
000019_s019.png (480,480,3)
000019_s020.png (480,480,3)
000019_s021.png (480,480,3)
000019_s022.png (480,480,3)
000019_s023.png (480,480,3)
000019_s024.png (480,480,3)
000019_s025.png (480,480,3)
000019_s026.png (480,480,3)
000019_s027.png (480,480,3)
000019_s028.png (480,480,3)
000019_s029.png (480,480,3)
000019_s030.png (480,480,3)
000019_s031.png (480,480,3)
000019_s032.png (480,480,3)
000019_s033.png (480,480,3)
000019_s034.png (480,480,3)
000019_s035.png (480,480,3)
000019_s036.png (480,480,3)
000019_s037.png (480,480,3)
000019_s038.png (480,480,3)
000019_s039.png (480,480,3)
000019_s040.png (480,480,3)
000020_s001.png (480,480,3)
000020_s002.png (480,480,3)
000020_s003.png (480,480,3)
000020_s004.png (480,480,3)
000020_s005.png (480,480,3)
000020_s006.png (480,480,3)
000020_s007.png (480,480,3)
000020_s008.png (480,480,3)
000020_s009.png (480,480,3)
000020_s010.png (480,480,3)
000020_s011.png (480,480,3)
000020_s012.png (480,480,3)
000020_s013.png (480,480,3)
000020_s014.png (480,480,3)
000020_s015.png (480,480,3)
000020_s016.png (480,480,3)
000020_s017.png (480,480,3)
000020_s018.png (480,480,3)
000020_s019.png (480,480,3)
000020_s020.png (480,480,3)
000020_s021.png (480,480,3)
000020_s022.png (480,480,3)
000020_s023.png (480,480,3)
000020_s024.png (480,480,3)
000020_s025.png (480,480,3)
000020_s026.png (480,480,3)
000020_s027.png (480,480,3)
000020_s028.png (480,480,3)
000020_s029.png (480,480,3)
000020_s030.png (480,480,3)
000020_s031.png (480,480,3)
000020_s032.png (480,480,3)
000020_s033.png (480,480,3)
000020_s034.png (480,480,3)
000020_s035.png (480,480,3)
000020_s036.png (480,480,3)
000020_s037.png (480,480,3)
000020_s038.png (480,480,3)
000020_s039.png (480,480,3)
000020_s040.png (480,480,3)
000021_s001.png (480,480,3)
000021_s002.png (480,480,3)
000021_s003.png (480,480,3)
000021_s004.png (480,480,3)
000021_s005.png (480,480,3)
000021_s006.png (480,480,3)
000021_s007.png (480,480,3)
000021_s008.png (480,480,3)
000021_s009.png (480,480,3)
000021_s010.png (480,480,3)
000021_s011.png (480,480,3)
000021_s012.png (480,480,3)
000021_s013.png (480,480,3)
000021_s014.png (480,480,3)
000021_s015.png (480,480,3)
000021_s016.png (480,480,3)
000021_s017.png (480,480,3)
000021_s018.png (480,480,3)
000021_s019.png (480,480,3)
000021_s020.png (480,480,3)
000021_s021.png (480,480,3)
000021_s022.png (480,480,3)
000021_s023.png (480,480,3)
000021_s024.png (480,480,3)
000021_s025.png (480,480,3)
000021_s026.png (480,480,3)
000021_s027.png (480,480,3)
000021_s028.png (480,480,3)
000021_s029.png (480,480,3)
000021_s030.png (480,480,3)
000021_s031.png (480,480,3)
000021_s032.png (480,480,3)
000021_s033.png (480,480,3)
000021_s034.png (480,480,3)
000021_s035.png (480,480,3)
000021_s036.png (480,480,3)
000021_s037.png (480,480,3)
000021_s038.png (480,480,3)
000021_s039.png (480,480,3)
000021_s040.png (480,480,3)
000022_s001.png (480,480,3)
000022_s002.png (480,480,3)
000022_s003.png (480,480,3)
000022_s004.png (480,480,3)
000022_s005.png (480,480,3)
000022_s006.png (480,480,3)
000022_s007.png (480,480,3)
000022_s008.png (480,480,3)
000022_s009.png (480,480,3)
000022_s010.png (480,480,3)
000022_s011.png (480,480,3)
000022_s012.png (480,480,3)
000022_s013.png (480,480,3)
000022_s014.png (480,480,3)
000022_s015.png (480,480,3)
000022_s016.png (480,480,3)
000022_s017.png (480,480,3)
000022_s018.png (480,480,3)
000022_s019.png (480,480,3)
000022_s020.png (480,480,3)
000022_s021.png (480,480,3)
000022_s022.png (480,480,3)
000022_s023.png (480,480,3)
000022_s024.png (480,480,3)
000022_s025.png (480,480,3)
000022_s026.png (480,480,3)
000022_s027.png (480,480,3)
000022_s028.png (480,480,3)
000022_s029.png (480,480,3)
000022_s030.png (480,480,3)
000022_s031.png (480,480,3)
000022_s032.png (480,480,3)
000022_s033.png (480,480,3)
000022_s034.png (480,480,3)
000022_s035.png (480,480,3)
000022_s036.png (480,480,3)
000022_s037.png (480,480,3)
000022_s038.png (480,480,3)
000022_s039.png (480,480,3)
000022_s040.png (480,480,3)
000023_s001.png (480,480,3)
000023_s002.png (480,480,3)
000023_s003.png (480,480,3)
000023_s004.png (480,480,3)
000023_s005.png (480,480,3)
000023_s006.png (480,480,3)
000023_s007.png (480,480,3)
000023_s008.png (480,480,3)
000023_s009.png (480,480,3)
000023_s010.png (480,480,3)
000023_s011.png (480,480,3)
000023_s012.png (480,480,3)
000023_s013.png (480,480,3)
000023_s014.png (480,480,3)
000023_s015.png (480,480,3)
000023_s016.png (480,480,3)
000023_s017.png (480,480,3)
000023_s018.png (480,480,3)
000023_s019.png (480,480,3)
000023_s020.png (480,480,3)
000023_s021.png (480,480,3)
000023_s022.png (480,480,3)
000023_s023.png (480,480,3)
000023_s024.png (480,480,3)
000023_s025.png (480,480,3)
000023_s026.png (480,480,3)
000023_s027.png (480,480,3)
000023_s028.png (480,480,3)
000023_s029.png (480,480,3)
000023_s030.png (480,480,3)
000023_s031.png (480,480,3)
000023_s032.png (480,480,3)
000023_s033.png (480,480,3)
000023_s034.png (480,480,3)
000023_s035.png (480,480,3)
000023_s036.png (480,480,3)
000023_s037.png (480,480,3)
000023_s038.png (480,480,3)
000023_s039.png (480,480,3)
000023_s040.png (480,480,3)
000024_s001.png (480,480,3)
000024_s002.png (480,480,3)
000024_s003.png (480,480,3)
000024_s004.png (480,480,3)
000024_s005.png (480,480,3)
000024_s006.png (480,480,3)
000024_s007.png (480,480,3)
000024_s008.png (480,480,3)
000024_s009.png (480,480,3)
000024_s010.png (480,480,3)
000024_s011.png (480,480,3)
000024_s012.png (480,480,3)
000024_s013.png (480,480,3)
000024_s014.png (480,480,3)
000024_s015.png (480,480,3)
000024_s016.png (480,480,3)
000024_s017.png (480,480,3)
000024_s018.png (480,480,3)
000024_s019.png (480,480,3)
000024_s020.png (480,480,3)
000024_s021.png (480,480,3)
000024_s022.png (480,480,3)
000024_s023.png (480,480,3)
000024_s024.png (480,480,3)
000025_s001.png (480,480,3)
000025_s002.png (480,480,3)
000025_s003.png (480,480,3)
000025_s004.png (480,480,3)
000025_s005.png (480,480,3)
000025_s006.png (480,480,3)
000025_s007.png (480,480,3)
000025_s008.png (480,480,3)
000025_s009.png (480,480,3)
000025_s010.png (480,480,3)
000025_s011.png (480,480,3)
000025_s012.png (480,480,3)
000025_s013.png (480,480,3)
000025_s014.png (480,480,3)
000025_s015.png (480,480,3)
000025_s016.png (480,480,3)
000025_s017.png (480,480,3)
000025_s018.png (480,480,3)
000025_s019.png (480,480,3)
000025_s020.png (480,480,3)
000025_s021.png (480,480,3)
000025_s022.png (480,480,3)
000025_s023.png (480,480,3)
000025_s024.png (480,480,3)
000025_s025.png (480,480,3)
000025_s026.png (480,480,3)
000025_s027.png (480,480,3)
000025_s028.png (480,480,3)
000025_s029.png (480,480,3)
000025_s030.png (480,480,3)
000025_s031.png (480,480,3)
000025_s032.png (480,480,3)
000025_s033.png (480,480,3)
000025_s034.png (480,480,3)
000025_s035.png (480,480,3)
000025_s036.png (480,480,3)
000025_s037.png (480,480,3)
000025_s038.png (480,480,3)
000025_s039.png (480,480,3)
000025_s040.png (480,480,3)
000026_s001.png (480,480,3)
000026_s002.png (480,480,3)
000026_s003.png (480,480,3)
000026_s004.png (480,480,3)
000026_s005.png (480,480,3)
000026_s006.png (480,480,3)
000026_s007.png (480,480,3)
000026_s008.png (480,480,3)
000026_s009.png (480,480,3)
000026_s010.png (480,480,3)
000026_s011.png (480,480,3)
000026_s012.png (480,480,3)
000026_s013.png (480,480,3)
000026_s014.png (480,480,3)
000026_s015.png (480,480,3)
000026_s016.png (480,480,3)
000026_s017.png (480,480,3)
000026_s018.png (480,480,3)
000026_s019.png (480,480,3)
000026_s020.png (480,480,3)
000026_s021.png (480,480,3)
000026_s022.png (480,480,3)
000026_s023.png (480,480,3)
000026_s024.png (480,480,3)
000026_s025.png (480,480,3)
000026_s026.png (480,480,3)
000026_s027.png (480,480,3)
000026_s028.png (480,480,3)
000026_s029.png (480,480,3)
000026_s030.png (480,480,3)
000026_s031.png (480,480,3)
000026_s032.png (480,480,3)
000027_s001.png (480,480,3)
000027_s002.png (480,480,3)
000027_s003.png (480,480,3)
000027_s004.png (480,480,3)
000027_s005.png (480,480,3)
000027_s006.png (480,480,3)
000027_s007.png (480,480,3)
000027_s008.png (480,480,3)
000027_s009.png (480,480,3)
000027_s010.png (480,480,3)
000027_s011.png (480,480,3)
000027_s012.png (480,480,3)
000027_s013.png (480,480,3)
000027_s014.png (480,480,3)
000027_s015.png (480,480,3)
000027_s016.png (480,480,3)
000027_s017.png (480,480,3)
000027_s018.png (480,480,3)
000027_s019.png (480,480,3)
000027_s020.png (480,480,3)
000027_s021.png (480,480,3)
000027_s022.png (480,480,3)
000027_s023.png (480,480,3)
000027_s024.png (480,480,3)
000028_s001.png (480,480,3)
000028_s002.png (480,480,3)
000028_s003.png (480,480,3)
000028_s004.png (480,480,3)
000028_s005.png (480,480,3)
000028_s006.png (480,480,3)
000028_s007.png (480,480,3)
000028_s008.png (480,480,3)
000028_s009.png (480,480,3)
000028_s010.png (480,480,3)
000028_s011.png (480,480,3)
000028_s012.png (480,480,3)
000028_s013.png (480,480,3)
000028_s014.png (480,480,3)
000028_s015.png (480,480,3)
000028_s016.png (480,480,3)
000028_s017.png (480,480,3)
000028_s018.png (480,480,3)
000028_s019.png (480,480,3)
000028_s020.png (480,480,3)
000028_s021.png (480,480,3)
000028_s022.png (480,480,3)
000028_s023.png (480,480,3)
000028_s024.png (480,480,3)
000028_s025.png (480,480,3)
000028_s026.png (480,480,3)
000028_s027.png (480,480,3)
000028_s028.png (480,480,3)
000028_s029.png (480,480,3)
000028_s030.png (480,480,3)
000028_s031.png (480,480,3)
000028_s032.png (480,480,3)
000028_s033.png (480,480,3)
000028_s034.png (480,480,3)
000028_s035.png (480,480,3)
000028_s036.png (480,480,3)
000028_s037.png (480,480,3)
000028_s038.png (480,480,3)
000028_s039.png (480,480,3)
000028_s040.png (480,480,3)
000029_s001.png (480,480,3)
000029_s002.png (480,480,3)
000029_s003.png (480,480,3)
000029_s004.png (480,480,3)
000029_s005.png (480,480,3)
000029_s006.png (480,480,3)
000029_s007.png (480,480,3)
000029_s008.png (480,480,3)
000029_s009.png (480,480,3)
000029_s010.png (480,480,3)
000029_s011.png (480,480,3)
000029_s012.png (480,480,3)
000029_s013.png (480,480,3)
000029_s014.png (480,480,3)
000029_s015.png (480,480,3)
000029_s016.png (480,480,3)
000029_s017.png (480,480,3)
000029_s018.png (480,480,3)
000029_s019.png (480,480,3)
000029_s020.png (480,480,3)
000029_s021.png (480,480,3)
000029_s022.png (480,480,3)
000029_s023.png (480,480,3)
000029_s024.png (480,480,3)
000029_s025.png (480,480,3)
000029_s026.png (480,480,3)
000029_s027.png (480,480,3)
000029_s028.png (480,480,3)
000029_s029.png (480,480,3)
000029_s030.png (480,480,3)
000029_s031.png (480,480,3)
000029_s032.png (480,480,3)
000029_s033.png (480,480,3)
000029_s034.png (480,480,3)
000029_s035.png (480,480,3)
000029_s036.png (480,480,3)
000029_s037.png (480,480,3)
000029_s038.png (480,480,3)
000029_s039.png (480,480,3)
000029_s040.png (480,480,3)
000030_s001.png (480,480,3)
000030_s002.png (480,480,3)
000030_s003.png (480,480,3)
000030_s004.png (480,480,3)
000030_s005.png (480,480,3)
000030_s006.png (480,480,3)
000030_s007.png (480,480,3)
000030_s008.png (480,480,3)
000030_s009.png (480,480,3)
000030_s010.png (480,480,3)
000030_s011.png (480,480,3)
000030_s012.png (480,480,3)
000030_s013.png (480,480,3)
000030_s014.png (480,480,3)
000030_s015.png (480,480,3)
000030_s016.png (480,480,3)
000030_s017.png (480,480,3)
000030_s018.png (480,480,3)
000030_s019.png (480,480,3)
000030_s020.png (480,480,3)
000030_s021.png (480,480,3)
000030_s022.png (480,480,3)
000030_s023.png (480,480,3)
000030_s024.png (480,480,3)
000030_s025.png (480,480,3)
000030_s026.png (480,480,3)
000030_s027.png (480,480,3)
000030_s028.png (480,480,3)
000030_s029.png (480,480,3)
000030_s030.png (480,480,3)
000030_s031.png (480,480,3)
000030_s032.png (480,480,3)
000030_s033.png (480,480,3)
000030_s034.png (480,480,3)
000030_s035.png (480,480,3)
000030_s036.png (480,480,3)
000030_s037.png (480,480,3)
000030_s038.png (480,480,3)
000030_s039.png (480,480,3)
000030_s040.png (480,480,3)
000030_s041.png (480,480,3)
000030_s042.png (480,480,3)
000030_s043.png (480,480,3)
000030_s044.png (480,480,3)
000030_s045.png (480,480,3)
000030_s046.png (480,480,3)
000030_s047.png (480,480,3)
000030_s048.png (480,480,3)
000030_s049.png (480,480,3)
000030_s050.png (480,480,3)
000030_s051.png (480,480,3)
000030_s052.png (480,480,3)
000030_s053.png (480,480,3)
000030_s054.png (480,480,3)
000030_s055.png (480,480,3)
000030_s056.png (480,480,3)
000030_s057.png (480,480,3)
000030_s058.png (480,480,3)
000030_s059.png (480,480,3)
000030_s060.png (480,480,3)
000030_s061.png (480,480,3)
000030_s062.png (480,480,3)
000030_s063.png (480,480,3)
000030_s064.png (480,480,3)
000031_s001.png (480,480,3)
000031_s002.png (480,480,3)
000031_s003.png (480,480,3)
000031_s004.png (480,480,3)
000031_s005.png (480,480,3)
000031_s006.png (480,480,3)
000031_s007.png (480,480,3)
000031_s008.png (480,480,3)
000031_s009.png (480,480,3)
000031_s010.png (480,480,3)
000031_s011.png (480,480,3)
000031_s012.png (480,480,3)
000031_s013.png (480,480,3)
000031_s014.png (480,480,3)
000031_s015.png (480,480,3)
000031_s016.png (480,480,3)
000031_s017.png (480,480,3)
000031_s018.png (480,480,3)
000031_s019.png (480,480,3)
000031_s020.png (480,480,3)
000031_s021.png (480,480,3)
000031_s022.png (480,480,3)
000031_s023.png (480,480,3)
000031_s024.png (480,480,3)
000031_s025.png (480,480,3)
000031_s026.png (480,480,3)
000031_s027.png (480,480,3)
000031_s028.png (480,480,3)
000031_s029.png (480,480,3)
000031_s030.png (480,480,3)
000031_s031.png (480,480,3)
000031_s032.png (480,480,3)
000031_s033.png (480,480,3)
000031_s034.png (480,480,3)
000031_s035.png (480,480,3)
000031_s036.png (480,480,3)
000031_s037.png (480,480,3)
000031_s038.png (480,480,3)
000031_s039.png (480,480,3)
000031_s040.png (480,480,3)
000032_s001.png (480,480,3)
000032_s002.png (480,480,3)
000032_s003.png (480,480,3)
000032_s004.png (480,480,3)
000032_s005.png (480,480,3)
000032_s006.png (480,480,3)
000032_s007.png (480,480,3)
000032_s008.png (480,480,3)
000032_s009.png (480,480,3)
000032_s010.png (480,480,3)
000032_s011.png (480,480,3)
000032_s012.png (480,480,3)
000032_s013.png (480,480,3)
000032_s014.png (480,480,3)
000032_s015.png (480,480,3)
000032_s016.png (480,480,3)
000032_s017.png (480,480,3)
000032_s018.png (480,480,3)
000032_s019.png (480,480,3)
000032_s020.png (480,480,3)
000032_s021.png (480,480,3)
000032_s022.png (480,480,3)
000032_s023.png (480,480,3)
000032_s024.png (480,480,3)
000032_s025.png (480,480,3)
000032_s026.png (480,480,3)
000032_s027.png (480,480,3)
000032_s028.png (480,480,3)
000032_s029.png (480,480,3)
000032_s030.png (480,480,3)
000032_s031.png (480,480,3)
000032_s032.png (480,480,3)
000032_s033.png (480,480,3)
000032_s034.png (480,480,3)
000032_s035.png (480,480,3)
000032_s036.png (480,480,3)
000032_s037.png (480,480,3)
000032_s038.png (480,480,3)
000032_s039.png (480,480,3)
000032_s040.png (480,480,3)
000033_s001.png (480,480,3)
000033_s002.png (480,480,3)
000033_s003.png (480,480,3)
000033_s004.png (480,480,3)
000033_s005.png (480,480,3)
000033_s006.png (480,480,3)
000033_s007.png (480,480,3)
000033_s008.png (480,480,3)
000033_s009.png (480,480,3)
000033_s010.png (480,480,3)
000033_s011.png (480,480,3)
000033_s012.png (480,480,3)
000033_s013.png (480,480,3)
000033_s014.png (480,480,3)
000033_s015.png (480,480,3)
000033_s016.png (480,480,3)
000033_s017.png (480,480,3)
000033_s018.png (480,480,3)
000033_s019.png (480,480,3)
000033_s020.png (480,480,3)
000033_s021.png (480,480,3)
000033_s022.png (480,480,3)
000033_s023.png (480,480,3)
000033_s024.png (480,480,3)
000033_s025.png (480,480,3)
000033_s026.png (480,480,3)
000033_s027.png (480,480,3)
000033_s028.png (480,480,3)
000033_s029.png (480,480,3)
000033_s030.png (480,480,3)
000033_s031.png (480,480,3)
000033_s032.png (480,480,3)
000033_s033.png (480,480,3)
000033_s034.png (480,480,3)
000033_s035.png (480,480,3)
000034_s001.png (480,480,3)
000034_s002.png (480,480,3)
000034_s003.png (480,480,3)
000034_s004.png (480,480,3)
000034_s005.png (480,480,3)
000034_s006.png (480,480,3)
000034_s007.png (480,480,3)
000034_s008.png (480,480,3)
000034_s009.png (480,480,3)
000034_s010.png (480,480,3)
000034_s011.png (480,480,3)
000034_s012.png (480,480,3)
000034_s013.png (480,480,3)
000034_s014.png (480,480,3)
000034_s015.png (480,480,3)
000034_s016.png (480,480,3)
000034_s017.png (480,480,3)
000034_s018.png (480,480,3)
000034_s019.png (480,480,3)
000034_s020.png (480,480,3)
000034_s021.png (480,480,3)
000034_s022.png (480,480,3)
000034_s023.png (480,480,3)
000034_s024.png (480,480,3)
000034_s025.png (480,480,3)
000034_s026.png (480,480,3)
000034_s027.png (480,480,3)
000034_s028.png (480,480,3)
000034_s029.png (480,480,3)
000034_s030.png (480,480,3)
000034_s031.png (480,480,3)
000034_s032.png (480,480,3)
000034_s033.png (480,480,3)
000034_s034.png (480,480,3)
000034_s035.png (480,480,3)
000034_s036.png (480,480,3)
000034_s037.png (480,480,3)
000034_s038.png (480,480,3)
000034_s039.png (480,480,3)
000034_s040.png (480,480,3)
000035_s001.png (480,480,3)
000035_s002.png (480,480,3)
000035_s003.png (480,480,3)
000035_s004.png (480,480,3)
000035_s005.png (480,480,3)
000035_s006.png (480,480,3)
000035_s007.png (480,480,3)
000035_s008.png (480,480,3)
000035_s009.png (480,480,3)
000035_s010.png (480,480,3)
000035_s011.png (480,480,3)
000035_s012.png (480,480,3)
000035_s013.png (480,480,3)
000035_s014.png (480,480,3)
000035_s015.png (480,480,3)
000035_s016.png (480,480,3)
000035_s017.png (480,480,3)
000035_s018.png (480,480,3)
000035_s019.png (480,480,3)
000035_s020.png (480,480,3)
000035_s021.png (480,480,3)
000035_s022.png (480,480,3)
000035_s023.png (480,480,3)
000035_s024.png (480,480,3)
000035_s025.png (480,480,3)
000035_s026.png (480,480,3)
000035_s027.png (480,480,3)
000035_s028.png (480,480,3)
000035_s029.png (480,480,3)
000035_s030.png (480,480,3)
000035_s031.png (480,480,3)
000035_s032.png (480,480,3)
000035_s033.png (480,480,3)
000035_s034.png (480,480,3)
000035_s035.png (480,480,3)
000035_s036.png (480,480,3)
000035_s037.png (480,480,3)
000035_s038.png (480,480,3)
000035_s039.png (480,480,3)
000035_s040.png (480,480,3)
000035_s041.png (480,480,3)
000035_s042.png (480,480,3)
000035_s043.png (480,480,3)
000035_s044.png (480,480,3)
000035_s045.png (480,480,3)
000035_s046.png (480,480,3)
000035_s047.png (480,480,3)
000035_s048.png (480,480,3)
000036_s001.png (480,480,3)
000036_s002.png (480,480,3)
000036_s003.png (480,480,3)
000036_s004.png (480,480,3)
000036_s005.png (480,480,3)
000036_s006.png (480,480,3)
000036_s007.png (480,480,3)
000036_s008.png (480,480,3)
000036_s009.png (480,480,3)
000036_s010.png (480,480,3)
000036_s011.png (480,480,3)
000036_s012.png (480,480,3)
000036_s013.png (480,480,3)
000036_s014.png (480,480,3)
000036_s015.png (480,480,3)
000036_s016.png (480,480,3)
000036_s017.png (480,480,3)
000036_s018.png (480,480,3)
000036_s019.png (480,480,3)
000036_s020.png (480,480,3)
000036_s021.png (480,480,3)
000036_s022.png (480,480,3)
000036_s023.png (480,480,3)
000036_s024.png (480,480,3)
000036_s025.png (480,480,3)
000036_s026.png (480,480,3)
000036_s027.png (480,480,3)
000036_s028.png (480,480,3)
000036_s029.png (480,480,3)
000036_s030.png (480,480,3)
000036_s031.png (480,480,3)
000036_s032.png (480,480,3)
000036_s033.png (480,480,3)
000036_s034.png (480,480,3)
000036_s035.png (480,480,3)
000036_s036.png (480,480,3)
000036_s037.png (480,480,3)
000036_s038.png (480,480,3)
000036_s039.png (480,480,3)
000036_s040.png (480,480,3)
000037_s001.png (480,480,3)
000037_s002.png (480,480,3)
000037_s003.png (480,480,3)
000037_s004.png (480,480,3)
000037_s005.png (480,480,3)
000037_s006.png (480,480,3)
000037_s007.png (480,480,3)
000037_s008.png (480,480,3)
000037_s009.png (480,480,3)
000037_s010.png (480,480,3)
000037_s011.png (480,480,3)
000037_s012.png (480,480,3)
000037_s013.png (480,480,3)
000037_s014.png (480,480,3)
000037_s015.png (480,480,3)
000037_s016.png (480,480,3)
000037_s017.png (480,480,3)
000037_s018.png (480,480,3)
000037_s019.png (480,480,3)
000037_s020.png (480,480,3)
000037_s021.png (480,480,3)
000037_s022.png (480,480,3)
000037_s023.png (480,480,3)
000037_s024.png (480,480,3)
000037_s025.png (480,480,3)
000037_s026.png (480,480,3)
000037_s027.png (480,480,3)
000037_s028.png (480,480,3)
000037_s029.png (480,480,3)
000037_s030.png (480,480,3)
000037_s031.png (480,480,3)
000037_s032.png (480,480,3)
000037_s033.png (480,480,3)
000037_s034.png (480,480,3)
000037_s035.png (480,480,3)
000037_s036.png (480,480,3)
000037_s037.png (480,480,3)
000037_s038.png (480,480,3)
000037_s039.png (480,480,3)
000037_s040.png (480,480,3)
000038_s001.png (480,480,3)
000038_s002.png (480,480,3)
000038_s003.png (480,480,3)
000038_s004.png (480,480,3)
000038_s005.png (480,480,3)
000038_s006.png (480,480,3)
000038_s007.png (480,480,3)
000038_s008.png (480,480,3)
000038_s009.png (480,480,3)
000038_s010.png (480,480,3)
000038_s011.png (480,480,3)
000038_s012.png (480,480,3)
000038_s013.png (480,480,3)
000038_s014.png (480,480,3)
000038_s015.png (480,480,3)
000038_s016.png (480,480,3)
000038_s017.png (480,480,3)
000038_s018.png (480,480,3)
000038_s019.png (480,480,3)
000038_s020.png (480,480,3)
000038_s021.png (480,480,3)
000038_s022.png (480,480,3)
000038_s023.png (480,480,3)
000038_s024.png (480,480,3)
000038_s025.png (480,480,3)
000038_s026.png (480,480,3)
000038_s027.png (480,480,3)
000038_s028.png (480,480,3)
000038_s029.png (480,480,3)
000038_s030.png (480,480,3)
000038_s031.png (480,480,3)
000038_s032.png (480,480,3)
000038_s033.png (480,480,3)
000038_s034.png (480,480,3)
000038_s035.png (480,480,3)
000038_s036.png (480,480,3)
000038_s037.png (480,480,3)
000038_s038.png (480,480,3)
000038_s039.png (480,480,3)
000038_s040.png (480,480,3)
000039_s001.png (480,480,3)
000039_s002.png (480,480,3)
000039_s003.png (480,480,3)
000039_s004.png (480,480,3)
000039_s005.png (480,480,3)
000039_s006.png (480,480,3)
000039_s007.png (480,480,3)
000039_s008.png (480,480,3)
000039_s009.png (480,480,3)
000039_s010.png (480,480,3)
000039_s011.png (480,480,3)
000039_s012.png (480,480,3)
000039_s013.png (480,480,3)
000039_s014.png (480,480,3)
000039_s015.png (480,480,3)
000039_s016.png (480,480,3)
000039_s017.png (480,480,3)
000039_s018.png (480,480,3)
000039_s019.png (480,480,3)
000039_s020.png (480,480,3)
000039_s021.png (480,480,3)
000039_s022.png (480,480,3)
000039_s023.png (480,480,3)
000039_s024.png (480,480,3)
000039_s025.png (480,480,3)
000039_s026.png (480,480,3)
000039_s027.png (480,480,3)
000039_s028.png (480,480,3)
000039_s029.png (480,480,3)
000039_s030.png (480,480,3)
000039_s031.png (480,480,3)
000039_s032.png (480,480,3)
000039_s033.png (480,480,3)
000039_s034.png (480,480,3)
000039_s035.png (480,480,3)
000039_s036.png (480,480,3)
000039_s037.png (480,480,3)
000039_s038.png (480,480,3)
000039_s039.png (480,480,3)
000039_s040.png (480,480,3)
000040_s001.png (480,480,3)
000040_s002.png (480,480,3)
000040_s003.png (480,480,3)
000040_s004.png (480,480,3)
000040_s005.png (480,480,3)
000040_s006.png (480,480,3)
000040_s007.png (480,480,3)
000040_s008.png (480,480,3)
000040_s009.png (480,480,3)
000040_s010.png (480,480,3)
000040_s011.png (480,480,3)
000040_s012.png (480,480,3)
000040_s013.png (480,480,3)
000040_s014.png (480,480,3)
000040_s015.png (480,480,3)
000040_s016.png (480,480,3)
000040_s017.png (480,480,3)
000040_s018.png (480,480,3)
000040_s019.png (480,480,3)
000040_s020.png (480,480,3)
000040_s021.png (480,480,3)
000040_s022.png (480,480,3)
000040_s023.png (480,480,3)
000040_s024.png (480,480,3)
000040_s025.png (480,480,3)
000040_s026.png (480,480,3)
000040_s027.png (480,480,3)
000040_s028.png (480,480,3)
000040_s029.png (480,480,3)
000040_s030.png (480,480,3)
000040_s031.png (480,480,3)
000040_s032.png (480,480,3)
000040_s033.png (480,480,3)
000040_s034.png (480,480,3)
000040_s035.png (480,480,3)
000040_s036.png (480,480,3)
000040_s037.png (480,480,3)
000040_s038.png (480,480,3)
000040_s039.png (480,480,3)
000040_s040.png (480,480,3)
000041_s001.png (480,480,3)
000041_s002.png (480,480,3)
000041_s003.png (480,480,3)
000041_s004.png (480,480,3)
000041_s005.png (480,480,3)
000041_s006.png (480,480,3)
000041_s007.png (480,480,3)
000041_s008.png (480,480,3)
000041_s009.png (480,480,3)
000041_s010.png (480,480,3)
000041_s011.png (480,480,3)
000041_s012.png (480,480,3)
000041_s013.png (480,480,3)
000041_s014.png (480,480,3)
000041_s015.png (480,480,3)
000041_s016.png (480,480,3)
000041_s017.png (480,480,3)
000041_s018.png (480,480,3)
000041_s019.png (480,480,3)
000041_s020.png (480,480,3)
000041_s021.png (480,480,3)
000041_s022.png (480,480,3)
000041_s023.png (480,480,3)
000041_s024.png (480,480,3)
000041_s025.png (480,480,3)
000041_s026.png (480,480,3)
000041_s027.png (480,480,3)
000041_s028.png (480,480,3)
000041_s029.png (480,480,3)
000041_s030.png (480,480,3)
000041_s031.png (480,480,3)
000041_s032.png (480,480,3)
000041_s033.png (480,480,3)
000041_s034.png (480,480,3)
000041_s035.png (480,480,3)
000041_s036.png (480,480,3)
000041_s037.png (480,480,3)
000041_s038.png (480,480,3)
000041_s039.png (480,480,3)
000041_s040.png (480,480,3)
000042_s001.png (480,480,3)
000042_s002.png (480,480,3)
000042_s003.png (480,480,3)
000042_s004.png (480,480,3)
000042_s005.png (480,480,3)
000042_s006.png (480,480,3)
000042_s007.png (480,480,3)
000042_s008.png (480,480,3)
000042_s009.png (480,480,3)
000042_s010.png (480,480,3)
000042_s011.png (480,480,3)
000042_s012.png (480,480,3)
000042_s013.png (480,480,3)
000042_s014.png (480,480,3)
000042_s015.png (480,480,3)
000042_s016.png (480,480,3)
000042_s017.png (480,480,3)
000042_s018.png (480,480,3)
000042_s019.png (480,480,3)
000042_s020.png (480,480,3)
000042_s021.png (480,480,3)
000042_s022.png (480,480,3)
000042_s023.png (480,480,3)
000042_s024.png (480,480,3)
000042_s025.png (480,480,3)
000042_s026.png (480,480,3)
000042_s027.png (480,480,3)
000042_s028.png (480,480,3)
000043_s001.png (480,480,3)
000043_s002.png (480,480,3)
000043_s003.png (480,480,3)
000043_s004.png (480,480,3)
000043_s005.png (480,480,3)
000043_s006.png (480,480,3)
000043_s007.png (480,480,3)
000043_s008.png (480,480,3)
000043_s009.png (480,480,3)
000043_s010.png (480,480,3)
000043_s011.png (480,480,3)
000043_s012.png (480,480,3)
000043_s013.png (480,480,3)
000043_s014.png (480,480,3)
000043_s015.png (480,480,3)
000043_s016.png (480,480,3)
000043_s017.png (480,480,3)
000043_s018.png (480,480,3)
000043_s019.png (480,480,3)
000043_s020.png (480,480,3)
000043_s021.png (480,480,3)
000043_s022.png (480,480,3)
000043_s023.png (480,480,3)
000043_s024.png (480,480,3)
000043_s025.png (480,480,3)
000043_s026.png (480,480,3)
000043_s027.png (480,480,3)
000043_s028.png (480,480,3)
000043_s029.png (480,480,3)
000043_s030.png (480,480,3)
000043_s031.png (480,480,3)
000043_s032.png (480,480,3)
000043_s033.png (480,480,3)
000043_s034.png (480,480,3)
000043_s035.png (480,480,3)
000043_s036.png (480,480,3)
000043_s037.png (480,480,3)
000043_s038.png (480,480,3)
000043_s039.png (480,480,3)
000043_s040.png (480,480,3)
000043_s041.png (480,480,3)
000043_s042.png (480,480,3)
000043_s043.png (480,480,3)
000043_s044.png (480,480,3)
000043_s045.png (480,480,3)
000043_s046.png (480,480,3)
000043_s047.png (480,480,3)
000043_s048.png (480,480,3)
000043_s049.png (480,480,3)
000043_s050.png (480,480,3)
000043_s051.png (480,480,3)
000043_s052.png (480,480,3)
000043_s053.png (480,480,3)
000043_s054.png (480,480,3)
000043_s055.png (480,480,3)
000043_s056.png (480,480,3)
000043_s057.png (480,480,3)
000043_s058.png (480,480,3)
000043_s059.png (480,480,3)
000043_s060.png (480,480,3)
000043_s061.png (480,480,3)
000043_s062.png (480,480,3)
000043_s063.png (480,480,3)
000043_s064.png (480,480,3)
000044_s001.png (480,480,3)
000044_s002.png (480,480,3)
000044_s003.png (480,480,3)
000044_s004.png (480,480,3)
000044_s005.png (480,480,3)
000044_s006.png (480,480,3)
000044_s007.png (480,480,3)
000044_s008.png (480,480,3)
000044_s009.png (480,480,3)
000044_s010.png (480,480,3)
000044_s011.png (480,480,3)
000044_s012.png (480,480,3)
000044_s013.png (480,480,3)
000044_s014.png (480,480,3)
000044_s015.png (480,480,3)
000044_s016.png (480,480,3)
000044_s017.png (480,480,3)
000044_s018.png (480,480,3)
000044_s019.png (480,480,3)
000044_s020.png (480,480,3)
000044_s021.png (480,480,3)
000044_s022.png (480,480,3)
000044_s023.png (480,480,3)
000044_s024.png (480,480,3)
000044_s025.png (480,480,3)
000044_s026.png (480,480,3)
000044_s027.png (480,480,3)
000044_s028.png (480,480,3)
000044_s029.png (480,480,3)
000044_s030.png (480,480,3)
000044_s031.png (480,480,3)
000044_s032.png (480,480,3)
000044_s033.png (480,480,3)
000044_s034.png (480,480,3)
000044_s035.png (480,480,3)
000044_s036.png (480,480,3)
000044_s037.png (480,480,3)
000044_s038.png (480,480,3)
000044_s039.png (480,480,3)
000044_s040.png (480,480,3)
000045_s001.png (480,480,3)
000045_s002.png (480,480,3)
000045_s003.png (480,480,3)
000045_s004.png (480,480,3)
000045_s005.png (480,480,3)
000045_s006.png (480,480,3)
000045_s007.png (480,480,3)
000045_s008.png (480,480,3)
000045_s009.png (480,480,3)
000045_s010.png (480,480,3)
000045_s011.png (480,480,3)
000045_s012.png (480,480,3)
000045_s013.png (480,480,3)
000045_s014.png (480,480,3)
000045_s015.png (480,480,3)
000045_s016.png (480,480,3)
000045_s017.png (480,480,3)
000045_s018.png (480,480,3)
000045_s019.png (480,480,3)
000045_s020.png (480,480,3)
000045_s021.png (480,480,3)
000045_s022.png (480,480,3)
000045_s023.png (480,480,3)
000045_s024.png (480,480,3)
000045_s025.png (480,480,3)
000045_s026.png (480,480,3)
000045_s027.png (480,480,3)
000045_s028.png (480,480,3)
000045_s029.png (480,480,3)
000045_s030.png (480,480,3)
000045_s031.png (480,480,3)
000045_s032.png (480,480,3)
000045_s033.png (480,480,3)
000045_s034.png (480,480,3)
000045_s035.png (480,480,3)
000045_s036.png (480,480,3)
000045_s037.png (480,480,3)
000045_s038.png (480,480,3)
000045_s039.png (480,480,3)
000045_s040.png (480,480,3)
000046_s001.png (480,480,3)
000046_s002.png (480,480,3)
000046_s003.png (480,480,3)
000046_s004.png (480,480,3)
000046_s005.png (480,480,3)
000046_s006.png (480,480,3)
000046_s007.png (480,480,3)
000046_s008.png (480,480,3)
000046_s009.png (480,480,3)
000046_s010.png (480,480,3)
000046_s011.png (480,480,3)
000046_s012.png (480,480,3)
000046_s013.png (480,480,3)
000046_s014.png (480,480,3)
000046_s015.png (480,480,3)
000046_s016.png (480,480,3)
000046_s017.png (480,480,3)
000046_s018.png (480,480,3)
000046_s019.png (480,480,3)
000046_s020.png (480,480,3)
000046_s021.png (480,480,3)
000046_s022.png (480,480,3)
000046_s023.png (480,480,3)
000046_s024.png (480,480,3)
000046_s025.png (480,480,3)
000046_s026.png (480,480,3)
000046_s027.png (480,480,3)
000046_s028.png (480,480,3)
000047_s001.png (480,480,3)
000047_s002.png (480,480,3)
000047_s003.png (480,480,3)
000047_s004.png (480,480,3)
000047_s005.png (480,480,3)
000047_s006.png (480,480,3)
000047_s007.png (480,480,3)
000047_s008.png (480,480,3)
000047_s009.png (480,480,3)
000047_s010.png (480,480,3)
000047_s011.png (480,480,3)
000047_s012.png (480,480,3)
000047_s013.png (480,480,3)
000047_s014.png (480,480,3)
000047_s015.png (480,480,3)
000047_s016.png (480,480,3)
000047_s017.png (480,480,3)
000047_s018.png (480,480,3)
000047_s019.png (480,480,3)
000047_s020.png (480,480,3)
000047_s021.png (480,480,3)
000047_s022.png (480,480,3)
000047_s023.png (480,480,3)
000047_s024.png (480,480,3)
000047_s025.png (480,480,3)
000047_s026.png (480,480,3)
000047_s027.png (480,480,3)
000047_s028.png (480,480,3)
000047_s029.png (480,480,3)
000047_s030.png (480,480,3)
000047_s031.png (480,480,3)
000047_s032.png (480,480,3)
000047_s033.png (480,480,3)
000047_s034.png (480,480,3)
000047_s035.png (480,480,3)
000047_s036.png (480,480,3)
000047_s037.png (480,480,3)
000047_s038.png (480,480,3)
000047_s039.png (480,480,3)
000047_s040.png (480,480,3)
000048_s001.png (480,480,3)
000048_s002.png (480,480,3)
000048_s003.png (480,480,3)
000048_s004.png (480,480,3)
000048_s005.png (480,480,3)
000048_s006.png (480,480,3)
000048_s007.png (480,480,3)
000048_s008.png (480,480,3)
000048_s009.png (480,480,3)
000048_s010.png (480,480,3)
000048_s011.png (480,480,3)
000048_s012.png (480,480,3)
000048_s013.png (480,480,3)
000048_s014.png (480,480,3)
000048_s015.png (480,480,3)
000048_s016.png (480,480,3)
000048_s017.png (480,480,3)
000048_s018.png (480,480,3)
000048_s019.png (480,480,3)
000048_s020.png (480,480,3)
000048_s021.png (480,480,3)
000048_s022.png (480,480,3)
000048_s023.png (480,480,3)
000048_s024.png (480,480,3)
000048_s025.png (480,480,3)
000048_s026.png (480,480,3)
000048_s027.png (480,480,3)
000048_s028.png (480,480,3)
000048_s029.png (480,480,3)
000048_s030.png (480,480,3)
000048_s031.png (480,480,3)
000048_s032.png (480,480,3)
000048_s033.png (480,480,3)
000048_s034.png (480,480,3)
000048_s035.png (480,480,3)
000048_s036.png (480,480,3)
000048_s037.png (480,480,3)
000048_s038.png (480,480,3)
000048_s039.png (480,480,3)
000048_s040.png (480,480,3)
000048_s041.png (480,480,3)
000048_s042.png (480,480,3)
000048_s043.png (480,480,3)
000048_s044.png (480,480,3)
000048_s045.png (480,480,3)
000048_s046.png (480,480,3)
000048_s047.png (480,480,3)
000048_s048.png (480,480,3)
000048_s049.png (480,480,3)
000048_s050.png (480,480,3)
000048_s051.png (480,480,3)
000048_s052.png (480,480,3)
000048_s053.png (480,480,3)
000048_s054.png (480,480,3)
000048_s055.png (480,480,3)
000048_s056.png (480,480,3)
000048_s057.png (480,480,3)
000048_s058.png (480,480,3)
000048_s059.png (480,480,3)
000048_s060.png (480,480,3)
000048_s061.png (480,480,3)
000048_s062.png (480,480,3)
000048_s063.png (480,480,3)
000048_s064.png (480,480,3)
000049_s001.png (480,480,3)
000049_s002.png (480,480,3)
000049_s003.png (480,480,3)
000049_s004.png (480,480,3)
000049_s005.png (480,480,3)
000049_s006.png (480,480,3)
000049_s007.png (480,480,3)
000049_s008.png (480,480,3)
000049_s009.png (480,480,3)
000049_s010.png (480,480,3)
000049_s011.png (480,480,3)
000049_s012.png (480,480,3)
000049_s013.png (480,480,3)
000049_s014.png (480,480,3)
000049_s015.png (480,480,3)
000049_s016.png (480,480,3)
000049_s017.png (480,480,3)
000049_s018.png (480,480,3)
000049_s019.png (480,480,3)
000049_s020.png (480,480,3)
000049_s021.png (480,480,3)
000049_s022.png (480,480,3)
000049_s023.png (480,480,3)
000049_s024.png (480,480,3)
000049_s025.png (480,480,3)
000049_s026.png (480,480,3)
000049_s027.png (480,480,3)
000049_s028.png (480,480,3)
000049_s029.png (480,480,3)
000049_s030.png (480,480,3)
000049_s031.png (480,480,3)
000049_s032.png (480,480,3)
000049_s033.png (480,480,3)
000049_s034.png (480,480,3)
000049_s035.png (480,480,3)
000049_s036.png (480,480,3)
000049_s037.png (480,480,3)
000049_s038.png (480,480,3)
000049_s039.png (480,480,3)
000049_s040.png (480,480,3)
000049_s041.png (480,480,3)
000049_s042.png (480,480,3)
000049_s043.png (480,480,3)
000049_s044.png (480,480,3)
000049_s045.png (480,480,3)
000049_s046.png (480,480,3)
000049_s047.png (480,480,3)
000049_s048.png (480,480,3)
000050_s001.png (480,480,3)
000050_s002.png (480,480,3)
000050_s003.png (480,480,3)
000050_s004.png (480,480,3)
000050_s005.png (480,480,3)
000050_s006.png (480,480,3)
000050_s007.png (480,480,3)
000050_s008.png (480,480,3)
000050_s009.png (480,480,3)
000050_s010.png (480,480,3)
000050_s011.png (480,480,3)
000050_s012.png (480,480,3)
000050_s013.png (480,480,3)
000050_s014.png (480,480,3)
000050_s015.png (480,480,3)
000050_s016.png (480,480,3)
000050_s017.png (480,480,3)
000050_s018.png (480,480,3)
000050_s019.png (480,480,3)
000050_s020.png (480,480,3)
000050_s021.png (480,480,3)
000050_s022.png (480,480,3)
000050_s023.png (480,480,3)
000050_s024.png (480,480,3)
000050_s025.png (480,480,3)
000050_s026.png (480,480,3)
000050_s027.png (480,480,3)
000050_s028.png (480,480,3)
000050_s029.png (480,480,3)
000050_s030.png (480,480,3)
000050_s031.png (480,480,3)
000050_s032.png (480,480,3)
000050_s033.png (480,480,3)
000050_s034.png (480,480,3)
000050_s035.png (480,480,3)
000050_s036.png (480,480,3)
000050_s037.png (480,480,3)
000050_s038.png (480,480,3)
000050_s039.png (480,480,3)
000050_s040.png (480,480,3)
000051_s001.png (480,480,3)
000051_s002.png (480,480,3)
000051_s003.png (480,480,3)
000051_s004.png (480,480,3)
000051_s005.png (480,480,3)
000051_s006.png (480,480,3)
000051_s007.png (480,480,3)
000051_s008.png (480,480,3)
000051_s009.png (480,480,3)
000051_s010.png (480,480,3)
000051_s011.png (480,480,3)
000051_s012.png (480,480,3)
000051_s013.png (480,480,3)
000051_s014.png (480,480,3)
000051_s015.png (480,480,3)
000051_s016.png (480,480,3)
000051_s017.png (480,480,3)
000051_s018.png (480,480,3)
000051_s019.png (480,480,3)
000051_s020.png (480,480,3)
000051_s021.png (480,480,3)
000051_s022.png (480,480,3)
000051_s023.png (480,480,3)
000051_s024.png (480,480,3)
000051_s025.png (480,480,3)
000051_s026.png (480,480,3)
000051_s027.png (480,480,3)
000051_s028.png (480,480,3)
000051_s029.png (480,480,3)
000051_s030.png (480,480,3)
000051_s031.png (480,480,3)
000051_s032.png (480,480,3)
000051_s033.png (480,480,3)
000051_s034.png (480,480,3)
000051_s035.png (480,480,3)
000051_s036.png (480,480,3)
000051_s037.png (480,480,3)
000051_s038.png (480,480,3)
000051_s039.png (480,480,3)
000051_s040.png (480,480,3)
000052_s001.png (480,480,3)
000052_s002.png (480,480,3)
000052_s003.png (480,480,3)
000052_s004.png (480,480,3)
000052_s005.png (480,480,3)
000052_s006.png (480,480,3)
000052_s007.png (480,480,3)
000052_s008.png (480,480,3)
000052_s009.png (480,480,3)
000052_s010.png (480,480,3)
000052_s011.png (480,480,3)
000052_s012.png (480,480,3)
000052_s013.png (480,480,3)
000052_s014.png (480,480,3)
000052_s015.png (480,480,3)
000052_s016.png (480,480,3)
000052_s017.png (480,480,3)
000052_s018.png (480,480,3)
000052_s019.png (480,480,3)
000052_s020.png (480,480,3)
000052_s021.png (480,480,3)
000052_s022.png (480,480,3)
000052_s023.png (480,480,3)
000052_s024.png (480,480,3)
000052_s025.png (480,480,3)
000052_s026.png (480,480,3)
000052_s027.png (480,480,3)
000052_s028.png (480,480,3)
000053_s001.png (480,480,3)
000053_s002.png (480,480,3)
000053_s003.png (480,480,3)
000053_s004.png (480,480,3)
000053_s005.png (480,480,3)
000053_s006.png (480,480,3)
000053_s007.png (480,480,3)
000053_s008.png (480,480,3)
000053_s009.png (480,480,3)
000053_s010.png (480,480,3)
000053_s011.png (480,480,3)
000053_s012.png (480,480,3)
000053_s013.png (480,480,3)
000053_s014.png (480,480,3)
000053_s015.png (480,480,3)
000053_s016.png (480,480,3)
000053_s017.png (480,480,3)
000053_s018.png (480,480,3)
000053_s019.png (480,480,3)
000053_s020.png (480,480,3)
000053_s021.png (480,480,3)
000053_s022.png (480,480,3)
000053_s023.png (480,480,3)
000053_s024.png (480,480,3)
000053_s025.png (480,480,3)
000053_s026.png (480,480,3)
000053_s027.png (480,480,3)
000053_s028.png (480,480,3)
000053_s029.png (480,480,3)
000053_s030.png (480,480,3)
000053_s031.png (480,480,3)
000053_s032.png (480,480,3)
000053_s033.png (480,480,3)
000053_s034.png (480,480,3)
000053_s035.png (480,480,3)
000053_s036.png (480,480,3)
000053_s037.png (480,480,3)
000053_s038.png (480,480,3)
000053_s039.png (480,480,3)
000053_s040.png (480,480,3)
000054_s001.png (480,480,3)
000054_s002.png (480,480,3)
000054_s003.png (480,480,3)
000054_s004.png (480,480,3)
000054_s005.png (480,480,3)
000054_s006.png (480,480,3)
000054_s007.png (480,480,3)
000054_s008.png (480,480,3)
000054_s009.png (480,480,3)
000054_s010.png (480,480,3)
000054_s011.png (480,480,3)
000054_s012.png (480,480,3)
000054_s013.png (480,480,3)
000054_s014.png (480,480,3)
000054_s015.png (480,480,3)
000054_s016.png (480,480,3)
000054_s017.png (480,480,3)
000054_s018.png (480,480,3)
000054_s019.png (480,480,3)
000054_s020.png (480,480,3)
000054_s021.png (480,480,3)
000054_s022.png (480,480,3)
000054_s023.png (480,480,3)
000054_s024.png (480,480,3)
000054_s025.png (480,480,3)
000054_s026.png (480,480,3)
000054_s027.png (480,480,3)
000054_s028.png (480,480,3)
000054_s029.png (480,480,3)
000054_s030.png (480,480,3)
000054_s031.png (480,480,3)
000054_s032.png (480,480,3)
000054_s033.png (480,480,3)
000054_s034.png (480,480,3)
000054_s035.png (480,480,3)
000054_s036.png (480,480,3)
000054_s037.png (480,480,3)
000054_s038.png (480,480,3)
000054_s039.png (480,480,3)
000054_s040.png (480,480,3)
000055_s001.png (480,480,3)
000055_s002.png (480,480,3)
000055_s003.png (480,480,3)
000055_s004.png (480,480,3)
000055_s005.png (480,480,3)
000055_s006.png (480,480,3)
000055_s007.png (480,480,3)
000055_s008.png (480,480,3)
000055_s009.png (480,480,3)
000055_s010.png (480,480,3)
000055_s011.png (480,480,3)
000055_s012.png (480,480,3)
000055_s013.png (480,480,3)
000055_s014.png (480,480,3)
000055_s015.png (480,480,3)
000055_s016.png (480,480,3)
000055_s017.png (480,480,3)
000055_s018.png (480,480,3)
000055_s019.png (480,480,3)
000055_s020.png (480,480,3)
000055_s021.png (480,480,3)
000055_s022.png (480,480,3)
000055_s023.png (480,480,3)
000055_s024.png (480,480,3)
000055_s025.png (480,480,3)
000055_s026.png (480,480,3)
000055_s027.png (480,480,3)
000055_s028.png (480,480,3)
000055_s029.png (480,480,3)
000055_s030.png (480,480,3)
000055_s031.png (480,480,3)
000055_s032.png (480,480,3)
000055_s033.png (480,480,3)
000055_s034.png (480,480,3)
000055_s035.png (480,480,3)
000055_s036.png (480,480,3)
000055_s037.png (480,480,